
0.6378231312612432
0.5235394343443047
0.8462187196303197
0.7401457632910102
0.6893309352809995
0.6403062359291484
0.644467714155418
0.7883668208877918
0.6771841261536389
0.8053746213385804
0.6010745197601753
0.7712906969671338
0.4448256447273943
0.7226501806767031
0.7873028714431084
0.7488241585905883
0.7849054905804314
0.6598319508563311
0.7851041707125116
0.802426408963489
0.6597975083086218
0.747870992234332
0.6702194758908789
0.690273447283329
0.8292130669255141
0.601785227439557
0.6226867034940723
0.8004752592043252