
10
0.6695973477833865
20
0.7334120726643901
30
0.6859637301057552
40
0.87688410761214
50
0.7530118542010801
60
0.923016911274602
70
0.8486968043872991
80
0.6055099285536704
90
0.7574192947980941
100
0.767620908662852
110
0.6905925320176802
120
0.6704662548672146
130
0.739165816361979
140
0.49431583988920275
150
0.6184654077323473
160
0.7506270280650673
170
0.7172819700718358
180
0.6999341649701113
190
0.7563714472969967
200
0.6318396586030286
210
0.6384924448950385
220
0.7630542368222261
230
0.7735037659308313
240
0.779158477715559
250
0.8710913670560471
260
0.7091885191339307
270
0.5553514818229408
280
0.6185429823631734
290
0.6048257191330895
300
0.7396623514304232
310
0.8034439071488348
320
0.7614729106127914
330
0.8264496152299642
340
0.7413505505273422
350
0.8001243711252531
360
0.7056023983118794
370
0.8784405790735614
380
0.5571823338996366
390
0.8322814487372642
400
0.8178194683500555
410
0.3284710179466489
420
0.6502587972618855
430
0.6996494051636253
440
0.6994815452208567
450
0.8193471137983477
460
0.7097255263246298
470
0.8381442740751179
480
0.7998091275322788
490
0.7409637958157181
500
0.6922380898624835
510
0.8736672628636568